bottle: 41.70% 3.0821075439453125
diningtable: 26.22% 3.094167947769165
person: 99.49% 3.0512514114379883
car: 92.01% 4.4051830768585205
chair: 33.55% 3.675065755844116
bottle: 71.96% 3.7505102157592773
car: 38.10% 3.2048261165618896
person: 61.77% 3.2200467586517334
person: 61.77% 4.417877435684204
person: 61.77% 5.714897155761719
person: 61.77% 4.355648994445801
person: 61.77% 4.349375009536743
aeroplane: 30.33% 9.96792984008789
car: 43.89% 7.114833831787109
car: 70.92% 5.830998420715332
car: 78.97% 4.5017783641815186
car: 78.97% 4.658249378204346
